
param_ptm00 
830.457113665 0 640.0 
0 830.457113665 384.0 
0 0 1 
0.0
0.0
1 0 0 -0.407769230769 
0 1 0 0 
0 0 1 0 

param_ptm01 
830.457113665 0 640.0 
0 830.457113665 384.0 
0 0 1 
0.0
0.0
1 0 0 -0.398707692308 
0 1 0 0 
0 0 1 0 

param_ptm02 
830.457113665 0 640.0 
0 830.457113665 384.0 
0 0 1 
0.0
0.0
1 0 0 -0.389646153846 
0 1 0 0 
0 0 1 0 

param_ptm03 
830.457113665 0 640.0 
0 830.457113665 384.0 
0 0 1 
0.0
0.0
1 0 0 -0.380584615385 
0 1 0 0 
0 0 1 0 

param_ptm04 
830.457113665 0 640.0 
0 830.457113665 384.0 
0 0 1 
0.0
0.0
1 0 0 -0.371523076923 
0 1 0 0 
0 0 1 0 

param_ptm05 
830.457113665 0 640.0 
0 830.457113665 384.0 
0 0 1 
0.0
0.0
1 0 0 -0.362461538462 
0 1 0 0 
0 0 1 0 

param_ptm06 
830.457113665 0 640.0 
0 830.457113665 384.0 
0 0 1 
0.0
0.0
1 0 0 -0.3534 
0 1 0 0 
0 0 1 0 

param_ptm07 
830.457113665 0 640.0 
0 830.457113665 384.0 
0 0 1 
0.0
0.0
1 0 0 -0.344338461538 
0 1 0 0 
0 0 1 0 

param_ptm08 
830.457113665 0 640.0 
0 830.457113665 384.0 
0 0 1 
0.0
0.0
1 0 0 -0.335276923077 
0 1 0 0 
0 0 1 0 

param_ptm09 
830.457113665 0 640.0 
0 830.457113665 384.0 
0 0 1 
0.0
0.0
1 0 0 -0.326215384615 
0 1 0 0 
0 0 1 0 

param_ptm10 
830.457113665 0 640.0 
0 830.457113665 384.0 
0 0 1 
0.0
0.0
1 0 0 -0.317153846154 
0 1 0 0 
0 0 1 0 

param_ptm11 
830.457113665 0 640.0 
0 830.457113665 384.0 
0 0 1 
0.0
0.0
1 0 0 -0.308092307692 
0 1 0 0 
0 0 1 0 

param_ptm12 
830.457113665 0 640.0 
0 830.457113665 384.0 
0 0 1 
0.0
0.0
1 0 0 -0.299030769231 
0 1 0 0 
0 0 1 0 

param_ptm13 
830.457113665 0 640.0 
0 830.457113665 384.0 
0 0 1 
0.0
0.0
1 0 0 -0.289969230769 
0 1 0 0 
0 0 1 0 

param_ptm14 
830.457113665 0 640.0 
0 830.457113665 384.0 
0 0 1 
0.0
0.0
1 0 0 -0.280907692308 
0 1 0 0 
0 0 1 0 

param_ptm15 
830.457113665 0 640.0 
0 830.457113665 384.0 
0 0 1 
0.0
0.0
1 0 0 -0.271846153846 
0 1 0 0 
0 0 1 0 

param_ptm16 
830.457113665 0 640.0 
0 830.457113665 384.0 
0 0 1 
0.0
0.0
1 0 0 -0.262784615385 
0 1 0 0 
0 0 1 0 

param_ptm17 
830.457113665 0 640.0 
0 830.457113665 384.0 
0 0 1 
0.0
0.0
1 0 0 -0.253723076923 
0 1 0 0 
0 0 1 0 

param_ptm18 
830.457113665 0 640.0 
0 830.457113665 384.0 
0 0 1 
0.0
0.0
1 0 0 -0.244661538462 
0 1 0 0 
0 0 1 0 

param_ptm19 
830.457113665 0 640.0 
0 830.457113665 384.0 
0 0 1 
0.0
0.0
1 0 0 -0.2356 
0 1 0 0 
0 0 1 0 

param_ptm20 
830.457113665 0 640.0 
0 830.457113665 384.0 
0 0 1 
0.0
0.0
1 0 0 -0.226538461538 
0 1 0 0 
0 0 1 0 

param_ptm21 
830.457113665 0 640.0 
0 830.457113665 384.0 
0 0 1 
0.0
0.0
1 0 0 -0.217476923077 
0 1 0 0 
0 0 1 0 

param_ptm22 
830.457113665 0 640.0 
0 830.457113665 384.0 
0 0 1 
0.0
0.0
1 0 0 -0.208415384615 
0 1 0 0 
0 0 1 0 

param_ptm23 
830.457113665 0 640.0 
0 830.457113665 384.0 
0 0 1 
0.0
0.0
1 0 0 -0.199353846154 
0 1 0 0 
0 0 1 0 

param_ptm24 
830.457113665 0 640.0 
0 830.457113665 384.0 
0 0 1 
0.0
0.0
1 0 0 -0.190292307692 
0 1 0 0 
0 0 1 0 

param_ptm25 
830.457113665 0 640.0 
0 830.457113665 384.0 
0 0 1 
0.0
0.0
1 0 0 -0.181230769231 
0 1 0 0 
0 0 1 0 

param_ptm26 
830.457113665 0 640.0 
0 830.457113665 384.0 
0 0 1 
0.0
0.0
1 0 0 -0.172169230769 
0 1 0 0 
0 0 1 0 

param_ptm27 
830.457113665 0 640.0 
0 830.457113665 384.0 
0 0 1 
0.0
0.0
1 0 0 -0.163107692308 
0 1 0 0 
0 0 1 0 

param_ptm28 
830.457113665 0 640.0 
0 830.457113665 384.0 
0 0 1 
0.0
0.0
1 0 0 -0.154046153846 
0 1 0 0 
0 0 1 0 

param_ptm29 
830.457113665 0 640.0 
0 830.457113665 384.0 
0 0 1 
0.0
0.0
1 0 0 -0.144984615385 
0 1 0 0 
0 0 1 0 

param_ptm30 
830.457113665 0 640.0 
0 830.457113665 384.0 
0 0 1 
0.0
0.0
1 0 0 -0.135923076923 
0 1 0 0 
0 0 1 0 

param_ptm31 
830.457113665 0 640.0 
0 830.457113665 384.0 
0 0 1 
0.0
0.0
1 0 0 -0.126861538462 
0 1 0 0 
0 0 1 0 

param_ptm32 
830.457113665 0 640.0 
0 830.457113665 384.0 
0 0 1 
0.0
0.0
1 0 0 -0.1178 
0 1 0 0 
0 0 1 0 

param_ptm33 
830.457113665 0 640.0 
0 830.457113665 384.0 
0 0 1 
0.0
0.0
1 0 0 -0.108738461538 
0 1 0 0 
0 0 1 0 

param_ptm34 
830.457113665 0 640.0 
0 830.457113665 384.0 
0 0 1 
0.0
0.0
1 0 0 -0.0996769230769 
0 1 0 0 
0 0 1 0 

param_ptm35 
830.457113665 0 640.0 
0 830.457113665 384.0 
0 0 1 
0.0
0.0
1 0 0 -0.0906153846154 
0 1 0 0 
0 0 1 0 

param_ptm36 
830.457113665 0 640.0 
0 830.457113665 384.0 
0 0 1 
0.0
0.0
1 0 0 -0.0815538461538 
0 1 0 0 
0 0 1 0 

param_ptm37 
830.457113665 0 640.0 
0 830.457113665 384.0 
0 0 1 
0.0
0.0
1 0 0 -0.0724923076923 
0 1 0 0 
0 0 1 0 

param_ptm38 
830.457113665 0 640.0 
0 830.457113665 384.0 
0 0 1 
0.0
0.0
1 0 0 -0.0634307692308 
0 1 0 0 
0 0 1 0 

param_ptm39 
830.457113665 0 640.0 
0 830.457113665 384.0 
0 0 1 
0.0
0.0
1 0 0 -0.0543692307692 
0 1 0 0 
0 0 1 0 

param_ptm40 
830.457113665 0 640.0 
0 830.457113665 384.0 
0 0 1 
0.0
0.0
1 0 0 -0.0453076923077 
0 1 0 0 
0 0 1 0 

param_ptm41 
830.457113665 0 640.0 
0 830.457113665 384.0 
0 0 1 
0.0
0.0
1 0 0 -0.0362461538462 
0 1 0 0 
0 0 1 0 

param_ptm42 
830.457113665 0 640.0 
0 830.457113665 384.0 
0 0 1 
0.0
0.0
1 0 0 -0.0271846153846 
0 1 0 0 
0 0 1 0 

param_ptm43 
830.457113665 0 640.0 
0 830.457113665 384.0 
0 0 1 
0.0
0.0
1 0 0 -0.0181230769231 
0 1 0 0 
0 0 1 0 

param_ptm44 
830.457113665 0 640.0 
0 830.457113665 384.0 
0 0 1 
0.0
0.0
1 0 0 -0.00906153846154 
0 1 0 0 
0 0 1 0 

param_ptm45 
830.457113665 0 640.0 
0 830.457113665 384.0 
0 0 1 
0.0
0.0
1 0 0 0.0 
0 1 0 0 
0 0 1 0 

param_ptm46 
830.457113665 0 640.0 
0 830.457113665 384.0 
0 0 1 
0.0
0.0
1 0 0 0.00906153846154 
0 1 0 0 
0 0 1 0 

param_ptm47 
830.457113665 0 640.0 
0 830.457113665 384.0 
0 0 1 
0.0
0.0
1 0 0 0.0181230769231 
0 1 0 0 
0 0 1 0 

param_ptm48 
830.457113665 0 640.0 
0 830.457113665 384.0 
0 0 1 
0.0
0.0
1 0 0 0.0271846153846 
0 1 0 0 
0 0 1 0 

param_ptm49 
830.457113665 0 640.0 
0 830.457113665 384.0 
0 0 1 
0.0
0.0
1 0 0 0.0362461538462 
0 1 0 0 
0 0 1 0 

param_ptm50 
830.457113665 0 640.0 
0 830.457113665 384.0 
0 0 1 
0.0
0.0
1 0 0 0.0453076923077 
0 1 0 0 
0 0 1 0 

param_ptm51 
830.457113665 0 640.0 
0 830.457113665 384.0 
0 0 1 
0.0
0.0
1 0 0 0.0543692307692 
0 1 0 0 
0 0 1 0 

param_ptm52 
830.457113665 0 640.0 
0 830.457113665 384.0 
0 0 1 
0.0
0.0
1 0 0 0.0634307692308 
0 1 0 0 
0 0 1 0 

param_ptm53 
830.457113665 0 640.0 
0 830.457113665 384.0 
0 0 1 
0.0
0.0
1 0 0 0.0724923076923 
0 1 0 0 
0 0 1 0 

param_ptm54 
830.457113665 0 640.0 
0 830.457113665 384.0 
0 0 1 
0.0
0.0
1 0 0 0.0815538461538 
0 1 0 0 
0 0 1 0 

param_ptm55 
830.457113665 0 640.0 
0 830.457113665 384.0 
0 0 1 
0.0
0.0
1 0 0 0.0906153846154 
0 1 0 0 
0 0 1 0 

param_ptm56 
830.457113665 0 640.0 
0 830.457113665 384.0 
0 0 1 
0.0
0.0
1 0 0 0.0996769230769 
0 1 0 0 
0 0 1 0 

param_ptm57 
830.457113665 0 640.0 
0 830.457113665 384.0 
0 0 1 
0.0
0.0
1 0 0 0.108738461538 
0 1 0 0 
0 0 1 0 

param_ptm58 
830.457113665 0 640.0 
0 830.457113665 384.0 
0 0 1 
0.0
0.0
1 0 0 0.1178 
0 1 0 0 
0 0 1 0 

param_ptm59 
830.457113665 0 640.0 
0 830.457113665 384.0 
0 0 1 
0.0
0.0
1 0 0 0.126861538462 
0 1 0 0 
0 0 1 0 

param_ptm60 
830.457113665 0 640.0 
0 830.457113665 384.0 
0 0 1 
0.0
0.0
1 0 0 0.135923076923 
0 1 0 0 
0 0 1 0 

param_ptm61 
830.457113665 0 640.0 
0 830.457113665 384.0 
0 0 1 
0.0
0.0
1 0 0 0.144984615385 
0 1 0 0 
0 0 1 0 

param_ptm62 
830.457113665 0 640.0 
0 830.457113665 384.0 
0 0 1 
0.0
0.0
1 0 0 0.154046153846 
0 1 0 0 
0 0 1 0 

param_ptm63 
830.457113665 0 640.0 
0 830.457113665 384.0 
0 0 1 
0.0
0.0
1 0 0 0.163107692308 
0 1 0 0 
0 0 1 0 

param_ptm64 
830.457113665 0 640.0 
0 830.457113665 384.0 
0 0 1 
0.0
0.0
1 0 0 0.172169230769 
0 1 0 0 
0 0 1 0 

param_ptm65 
830.457113665 0 640.0 
0 830.457113665 384.0 
0 0 1 
0.0
0.0
1 0 0 0.181230769231 
0 1 0 0 
0 0 1 0 

param_ptm66 
830.457113665 0 640.0 
0 830.457113665 384.0 
0 0 1 
0.0
0.0
1 0 0 0.190292307692 
0 1 0 0 
0 0 1 0 

param_ptm67 
830.457113665 0 640.0 
0 830.457113665 384.0 
0 0 1 
0.0
0.0
1 0 0 0.199353846154 
0 1 0 0 
0 0 1 0 

param_ptm68 
830.457113665 0 640.0 
0 830.457113665 384.0 
0 0 1 
0.0
0.0
1 0 0 0.208415384615 
0 1 0 0 
0 0 1 0 

param_ptm69 
830.457113665 0 640.0 
0 830.457113665 384.0 
0 0 1 
0.0
0.0
1 0 0 0.217476923077 
0 1 0 0 
0 0 1 0 

param_ptm70 
830.457113665 0 640.0 
0 830.457113665 384.0 
0 0 1 
0.0
0.0
1 0 0 0.226538461538 
0 1 0 0 
0 0 1 0 

param_ptm71 
830.457113665 0 640.0 
0 830.457113665 384.0 
0 0 1 
0.0
0.0
1 0 0 0.2356 
0 1 0 0 
0 0 1 0 

param_ptm72 
830.457113665 0 640.0 
0 830.457113665 384.0 
0 0 1 
0.0
0.0
1 0 0 0.244661538462 
0 1 0 0 
0 0 1 0 

param_ptm73 
830.457113665 0 640.0 
0 830.457113665 384.0 
0 0 1 
0.0
0.0
1 0 0 0.253723076923 
0 1 0 0 
0 0 1 0 

param_ptm74 
830.457113665 0 640.0 
0 830.457113665 384.0 
0 0 1 
0.0
0.0
1 0 0 0.262784615385 
0 1 0 0 
0 0 1 0 

param_ptm75 
830.457113665 0 640.0 
0 830.457113665 384.0 
0 0 1 
0.0
0.0
1 0 0 0.271846153846 
0 1 0 0 
0 0 1 0 

param_ptm76 
830.457113665 0 640.0 
0 830.457113665 384.0 
0 0 1 
0.0
0.0
1 0 0 0.280907692308 
0 1 0 0 
0 0 1 0 

param_ptm77 
830.457113665 0 640.0 
0 830.457113665 384.0 
0 0 1 
0.0
0.0
1 0 0 0.289969230769 
0 1 0 0 
0 0 1 0 

param_ptm78 
830.457113665 0 640.0 
0 830.457113665 384.0 
0 0 1 
0.0
0.0
1 0 0 0.299030769231 
0 1 0 0 
0 0 1 0 

param_ptm79 
830.457113665 0 640.0 
0 830.457113665 384.0 
0 0 1 
0.0
0.0
1 0 0 0.308092307692 
0 1 0 0 
0 0 1 0 

param_ptm80 
830.457113665 0 640.0 
0 830.457113665 384.0 
0 0 1 
0.0
0.0
1 0 0 0.317153846154 
0 1 0 0 
0 0 1 0 

param_ptm81 
830.457113665 0 640.0 
0 830.457113665 384.0 
0 0 1 
0.0
0.0
1 0 0 0.326215384615 
0 1 0 0 
0 0 1 0 

param_ptm82 
830.457113665 0 640.0 
0 830.457113665 384.0 
0 0 1 
0.0
0.0
1 0 0 0.335276923077 
0 1 0 0 
0 0 1 0 

param_ptm83 
830.457113665 0 640.0 
0 830.457113665 384.0 
0 0 1 
0.0
0.0
1 0 0 0.344338461538 
0 1 0 0 
0 0 1 0 

param_ptm84 
830.457113665 0 640.0 
0 830.457113665 384.0 
0 0 1 
0.0
0.0
1 0 0 0.3534 
0 1 0 0 
0 0 1 0 

param_ptm85 
830.457113665 0 640.0 
0 830.457113665 384.0 
0 0 1 
0.0
0.0
1 0 0 0.362461538462 
0 1 0 0 
0 0 1 0 

param_ptm86 
830.457113665 0 640.0 
0 830.457113665 384.0 
0 0 1 
0.0
0.0
1 0 0 0.371523076923 
0 1 0 0 
0 0 1 0 

param_ptm87 
830.457113665 0 640.0 
0 830.457113665 384.0 
0 0 1 
0.0
0.0
1 0 0 0.380584615385 
0 1 0 0 
0 0 1 0 

param_ptm88 
830.457113665 0 640.0 
0 830.457113665 384.0 
0 0 1 
0.0
0.0
1 0 0 0.389646153846 
0 1 0 0 
0 0 1 0 

param_ptm89 
830.457113665 0 640.0 
0 830.457113665 384.0 
0 0 1 
0.0
0.0
1 0 0 0.398707692308 
0 1 0 0 
0 0 1 0 

param_ptm90 
830.457113665 0 640.0 
0 830.457113665 384.0 
0 0 1 
0.0
0.0
1 0 0 0.407769230769 
0 1 0 0 
0 0 1 0 
