
param_ptm00 
1599.99266994 0 640.0 
0 1599.99266994 384.0 
0 0 1 
0.0
0.0
1 0 0 -0.601961538462 
0 1 0 0 
0 0 1 0 

param_ptm01 
1599.99266994 0 640.0 
0 1599.99266994 384.0 
0 0 1 
0.0
0.0
1 0 0 -0.588584615385 
0 1 0 0 
0 0 1 0 

param_ptm02 
1599.99266994 0 640.0 
0 1599.99266994 384.0 
0 0 1 
0.0
0.0
1 0 0 -0.575207692308 
0 1 0 0 
0 0 1 0 

param_ptm03 
1599.99266994 0 640.0 
0 1599.99266994 384.0 
0 0 1 
0.0
0.0
1 0 0 -0.561830769231 
0 1 0 0 
0 0 1 0 

param_ptm04 
1599.99266994 0 640.0 
0 1599.99266994 384.0 
0 0 1 
0.0
0.0
1 0 0 -0.548453846154 
0 1 0 0 
0 0 1 0 

param_ptm05 
1599.99266994 0 640.0 
0 1599.99266994 384.0 
0 0 1 
0.0
0.0
1 0 0 -0.535076923077 
0 1 0 0 
0 0 1 0 

param_ptm06 
1599.99266994 0 640.0 
0 1599.99266994 384.0 
0 0 1 
0.0
0.0
1 0 0 -0.5217 
0 1 0 0 
0 0 1 0 

param_ptm07 
1599.99266994 0 640.0 
0 1599.99266994 384.0 
0 0 1 
0.0
0.0
1 0 0 -0.508323076923 
0 1 0 0 
0 0 1 0 

param_ptm08 
1599.99266994 0 640.0 
0 1599.99266994 384.0 
0 0 1 
0.0
0.0
1 0 0 -0.494946153846 
0 1 0 0 
0 0 1 0 

param_ptm09 
1599.99266994 0 640.0 
0 1599.99266994 384.0 
0 0 1 
0.0
0.0
1 0 0 -0.481569230769 
0 1 0 0 
0 0 1 0 

param_ptm10 
1599.99266994 0 640.0 
0 1599.99266994 384.0 
0 0 1 
0.0
0.0
1 0 0 -0.468192307692 
0 1 0 0 
0 0 1 0 

param_ptm11 
1599.99266994 0 640.0 
0 1599.99266994 384.0 
0 0 1 
0.0
0.0
1 0 0 -0.454815384615 
0 1 0 0 
0 0 1 0 

param_ptm12 
1599.99266994 0 640.0 
0 1599.99266994 384.0 
0 0 1 
0.0
0.0
1 0 0 -0.441438461538 
0 1 0 0 
0 0 1 0 

param_ptm13 
1599.99266994 0 640.0 
0 1599.99266994 384.0 
0 0 1 
0.0
0.0
1 0 0 -0.428061538462 
0 1 0 0 
0 0 1 0 

param_ptm14 
1599.99266994 0 640.0 
0 1599.99266994 384.0 
0 0 1 
0.0
0.0
1 0 0 -0.414684615385 
0 1 0 0 
0 0 1 0 

param_ptm15 
1599.99266994 0 640.0 
0 1599.99266994 384.0 
0 0 1 
0.0
0.0
1 0 0 -0.401307692308 
0 1 0 0 
0 0 1 0 

param_ptm16 
1599.99266994 0 640.0 
0 1599.99266994 384.0 
0 0 1 
0.0
0.0
1 0 0 -0.387930769231 
0 1 0 0 
0 0 1 0 

param_ptm17 
1599.99266994 0 640.0 
0 1599.99266994 384.0 
0 0 1 
0.0
0.0
1 0 0 -0.374553846154 
0 1 0 0 
0 0 1 0 

param_ptm18 
1599.99266994 0 640.0 
0 1599.99266994 384.0 
0 0 1 
0.0
0.0
1 0 0 -0.361176923077 
0 1 0 0 
0 0 1 0 

param_ptm19 
1599.99266994 0 640.0 
0 1599.99266994 384.0 
0 0 1 
0.0
0.0
1 0 0 -0.3478 
0 1 0 0 
0 0 1 0 

param_ptm20 
1599.99266994 0 640.0 
0 1599.99266994 384.0 
0 0 1 
0.0
0.0
1 0 0 -0.334423076923 
0 1 0 0 
0 0 1 0 

param_ptm21 
1599.99266994 0 640.0 
0 1599.99266994 384.0 
0 0 1 
0.0
0.0
1 0 0 -0.321046153846 
0 1 0 0 
0 0 1 0 

param_ptm22 
1599.99266994 0 640.0 
0 1599.99266994 384.0 
0 0 1 
0.0
0.0
1 0 0 -0.307669230769 
0 1 0 0 
0 0 1 0 

param_ptm23 
1599.99266994 0 640.0 
0 1599.99266994 384.0 
0 0 1 
0.0
0.0
1 0 0 -0.294292307692 
0 1 0 0 
0 0 1 0 

param_ptm24 
1599.99266994 0 640.0 
0 1599.99266994 384.0 
0 0 1 
0.0
0.0
1 0 0 -0.280915384615 
0 1 0 0 
0 0 1 0 

param_ptm25 
1599.99266994 0 640.0 
0 1599.99266994 384.0 
0 0 1 
0.0
0.0
1 0 0 -0.267538461538 
0 1 0 0 
0 0 1 0 

param_ptm26 
1599.99266994 0 640.0 
0 1599.99266994 384.0 
0 0 1 
0.0
0.0
1 0 0 -0.254161538462 
0 1 0 0 
0 0 1 0 

param_ptm27 
1599.99266994 0 640.0 
0 1599.99266994 384.0 
0 0 1 
0.0
0.0
1 0 0 -0.240784615385 
0 1 0 0 
0 0 1 0 

param_ptm28 
1599.99266994 0 640.0 
0 1599.99266994 384.0 
0 0 1 
0.0
0.0
1 0 0 -0.227407692308 
0 1 0 0 
0 0 1 0 

param_ptm29 
1599.99266994 0 640.0 
0 1599.99266994 384.0 
0 0 1 
0.0
0.0
1 0 0 -0.214030769231 
0 1 0 0 
0 0 1 0 

param_ptm30 
1599.99266994 0 640.0 
0 1599.99266994 384.0 
0 0 1 
0.0
0.0
1 0 0 -0.200653846154 
0 1 0 0 
0 0 1 0 

param_ptm31 
1599.99266994 0 640.0 
0 1599.99266994 384.0 
0 0 1 
0.0
0.0
1 0 0 -0.187276923077 
0 1 0 0 
0 0 1 0 

param_ptm32 
1599.99266994 0 640.0 
0 1599.99266994 384.0 
0 0 1 
0.0
0.0
1 0 0 -0.1739 
0 1 0 0 
0 0 1 0 

param_ptm33 
1599.99266994 0 640.0 
0 1599.99266994 384.0 
0 0 1 
0.0
0.0
1 0 0 -0.160523076923 
0 1 0 0 
0 0 1 0 

param_ptm34 
1599.99266994 0 640.0 
0 1599.99266994 384.0 
0 0 1 
0.0
0.0
1 0 0 -0.147146153846 
0 1 0 0 
0 0 1 0 

param_ptm35 
1599.99266994 0 640.0 
0 1599.99266994 384.0 
0 0 1 
0.0
0.0
1 0 0 -0.133769230769 
0 1 0 0 
0 0 1 0 

param_ptm36 
1599.99266994 0 640.0 
0 1599.99266994 384.0 
0 0 1 
0.0
0.0
1 0 0 -0.120392307692 
0 1 0 0 
0 0 1 0 

param_ptm37 
1599.99266994 0 640.0 
0 1599.99266994 384.0 
0 0 1 
0.0
0.0
1 0 0 -0.107015384615 
0 1 0 0 
0 0 1 0 

param_ptm38 
1599.99266994 0 640.0 
0 1599.99266994 384.0 
0 0 1 
0.0
0.0
1 0 0 -0.0936384615385 
0 1 0 0 
0 0 1 0 

param_ptm39 
1599.99266994 0 640.0 
0 1599.99266994 384.0 
0 0 1 
0.0
0.0
1 0 0 -0.0802615384615 
0 1 0 0 
0 0 1 0 

param_ptm40 
1599.99266994 0 640.0 
0 1599.99266994 384.0 
0 0 1 
0.0
0.0
1 0 0 -0.0668846153846 
0 1 0 0 
0 0 1 0 

param_ptm41 
1599.99266994 0 640.0 
0 1599.99266994 384.0 
0 0 1 
0.0
0.0
1 0 0 -0.0535076923077 
0 1 0 0 
0 0 1 0 

param_ptm42 
1599.99266994 0 640.0 
0 1599.99266994 384.0 
0 0 1 
0.0
0.0
1 0 0 -0.0401307692308 
0 1 0 0 
0 0 1 0 

param_ptm43 
1599.99266994 0 640.0 
0 1599.99266994 384.0 
0 0 1 
0.0
0.0
1 0 0 -0.0267538461538 
0 1 0 0 
0 0 1 0 

param_ptm44 
1599.99266994 0 640.0 
0 1599.99266994 384.0 
0 0 1 
0.0
0.0
1 0 0 -0.0133769230769 
0 1 0 0 
0 0 1 0 

param_ptm45 
1599.99266994 0 640.0 
0 1599.99266994 384.0 
0 0 1 
0.0
0.0
1 0 0 0.0 
0 1 0 0 
0 0 1 0 

param_ptm46 
1599.99266994 0 640.0 
0 1599.99266994 384.0 
0 0 1 
0.0
0.0
1 0 0 0.0133769230769 
0 1 0 0 
0 0 1 0 

param_ptm47 
1599.99266994 0 640.0 
0 1599.99266994 384.0 
0 0 1 
0.0
0.0
1 0 0 0.0267538461538 
0 1 0 0 
0 0 1 0 

param_ptm48 
1599.99266994 0 640.0 
0 1599.99266994 384.0 
0 0 1 
0.0
0.0
1 0 0 0.0401307692308 
0 1 0 0 
0 0 1 0 

param_ptm49 
1599.99266994 0 640.0 
0 1599.99266994 384.0 
0 0 1 
0.0
0.0
1 0 0 0.0535076923077 
0 1 0 0 
0 0 1 0 

param_ptm50 
1599.99266994 0 640.0 
0 1599.99266994 384.0 
0 0 1 
0.0
0.0
1 0 0 0.0668846153846 
0 1 0 0 
0 0 1 0 

param_ptm51 
1599.99266994 0 640.0 
0 1599.99266994 384.0 
0 0 1 
0.0
0.0
1 0 0 0.0802615384615 
0 1 0 0 
0 0 1 0 

param_ptm52 
1599.99266994 0 640.0 
0 1599.99266994 384.0 
0 0 1 
0.0
0.0
1 0 0 0.0936384615385 
0 1 0 0 
0 0 1 0 

param_ptm53 
1599.99266994 0 640.0 
0 1599.99266994 384.0 
0 0 1 
0.0
0.0
1 0 0 0.107015384615 
0 1 0 0 
0 0 1 0 

param_ptm54 
1599.99266994 0 640.0 
0 1599.99266994 384.0 
0 0 1 
0.0
0.0
1 0 0 0.120392307692 
0 1 0 0 
0 0 1 0 

param_ptm55 
1599.99266994 0 640.0 
0 1599.99266994 384.0 
0 0 1 
0.0
0.0
1 0 0 0.133769230769 
0 1 0 0 
0 0 1 0 

param_ptm56 
1599.99266994 0 640.0 
0 1599.99266994 384.0 
0 0 1 
0.0
0.0
1 0 0 0.147146153846 
0 1 0 0 
0 0 1 0 

param_ptm57 
1599.99266994 0 640.0 
0 1599.99266994 384.0 
0 0 1 
0.0
0.0
1 0 0 0.160523076923 
0 1 0 0 
0 0 1 0 

param_ptm58 
1599.99266994 0 640.0 
0 1599.99266994 384.0 
0 0 1 
0.0
0.0
1 0 0 0.1739 
0 1 0 0 
0 0 1 0 

param_ptm59 
1599.99266994 0 640.0 
0 1599.99266994 384.0 
0 0 1 
0.0
0.0
1 0 0 0.187276923077 
0 1 0 0 
0 0 1 0 

param_ptm60 
1599.99266994 0 640.0 
0 1599.99266994 384.0 
0 0 1 
0.0
0.0
1 0 0 0.200653846154 
0 1 0 0 
0 0 1 0 

param_ptm61 
1599.99266994 0 640.0 
0 1599.99266994 384.0 
0 0 1 
0.0
0.0
1 0 0 0.214030769231 
0 1 0 0 
0 0 1 0 

param_ptm62 
1599.99266994 0 640.0 
0 1599.99266994 384.0 
0 0 1 
0.0
0.0
1 0 0 0.227407692308 
0 1 0 0 
0 0 1 0 

param_ptm63 
1599.99266994 0 640.0 
0 1599.99266994 384.0 
0 0 1 
0.0
0.0
1 0 0 0.240784615385 
0 1 0 0 
0 0 1 0 

param_ptm64 
1599.99266994 0 640.0 
0 1599.99266994 384.0 
0 0 1 
0.0
0.0
1 0 0 0.254161538462 
0 1 0 0 
0 0 1 0 

param_ptm65 
1599.99266994 0 640.0 
0 1599.99266994 384.0 
0 0 1 
0.0
0.0
1 0 0 0.267538461538 
0 1 0 0 
0 0 1 0 

param_ptm66 
1599.99266994 0 640.0 
0 1599.99266994 384.0 
0 0 1 
0.0
0.0
1 0 0 0.280915384615 
0 1 0 0 
0 0 1 0 

param_ptm67 
1599.99266994 0 640.0 
0 1599.99266994 384.0 
0 0 1 
0.0
0.0
1 0 0 0.294292307692 
0 1 0 0 
0 0 1 0 

param_ptm68 
1599.99266994 0 640.0 
0 1599.99266994 384.0 
0 0 1 
0.0
0.0
1 0 0 0.307669230769 
0 1 0 0 
0 0 1 0 

param_ptm69 
1599.99266994 0 640.0 
0 1599.99266994 384.0 
0 0 1 
0.0
0.0
1 0 0 0.321046153846 
0 1 0 0 
0 0 1 0 

param_ptm70 
1599.99266994 0 640.0 
0 1599.99266994 384.0 
0 0 1 
0.0
0.0
1 0 0 0.334423076923 
0 1 0 0 
0 0 1 0 

param_ptm71 
1599.99266994 0 640.0 
0 1599.99266994 384.0 
0 0 1 
0.0
0.0
1 0 0 0.3478 
0 1 0 0 
0 0 1 0 

param_ptm72 
1599.99266994 0 640.0 
0 1599.99266994 384.0 
0 0 1 
0.0
0.0
1 0 0 0.361176923077 
0 1 0 0 
0 0 1 0 

param_ptm73 
1599.99266994 0 640.0 
0 1599.99266994 384.0 
0 0 1 
0.0
0.0
1 0 0 0.374553846154 
0 1 0 0 
0 0 1 0 

param_ptm74 
1599.99266994 0 640.0 
0 1599.99266994 384.0 
0 0 1 
0.0
0.0
1 0 0 0.387930769231 
0 1 0 0 
0 0 1 0 

param_ptm75 
1599.99266994 0 640.0 
0 1599.99266994 384.0 
0 0 1 
0.0
0.0
1 0 0 0.401307692308 
0 1 0 0 
0 0 1 0 

param_ptm76 
1599.99266994 0 640.0 
0 1599.99266994 384.0 
0 0 1 
0.0
0.0
1 0 0 0.414684615385 
0 1 0 0 
0 0 1 0 

param_ptm77 
1599.99266994 0 640.0 
0 1599.99266994 384.0 
0 0 1 
0.0
0.0
1 0 0 0.428061538462 
0 1 0 0 
0 0 1 0 

param_ptm78 
1599.99266994 0 640.0 
0 1599.99266994 384.0 
0 0 1 
0.0
0.0
1 0 0 0.441438461538 
0 1 0 0 
0 0 1 0 

param_ptm79 
1599.99266994 0 640.0 
0 1599.99266994 384.0 
0 0 1 
0.0
0.0
1 0 0 0.454815384615 
0 1 0 0 
0 0 1 0 

param_ptm80 
1599.99266994 0 640.0 
0 1599.99266994 384.0 
0 0 1 
0.0
0.0
1 0 0 0.468192307692 
0 1 0 0 
0 0 1 0 

param_ptm81 
1599.99266994 0 640.0 
0 1599.99266994 384.0 
0 0 1 
0.0
0.0
1 0 0 0.481569230769 
0 1 0 0 
0 0 1 0 

param_ptm82 
1599.99266994 0 640.0 
0 1599.99266994 384.0 
0 0 1 
0.0
0.0
1 0 0 0.494946153846 
0 1 0 0 
0 0 1 0 

param_ptm83 
1599.99266994 0 640.0 
0 1599.99266994 384.0 
0 0 1 
0.0
0.0
1 0 0 0.508323076923 
0 1 0 0 
0 0 1 0 

param_ptm84 
1599.99266994 0 640.0 
0 1599.99266994 384.0 
0 0 1 
0.0
0.0
1 0 0 0.5217 
0 1 0 0 
0 0 1 0 

param_ptm85 
1599.99266994 0 640.0 
0 1599.99266994 384.0 
0 0 1 
0.0
0.0
1 0 0 0.535076923077 
0 1 0 0 
0 0 1 0 

param_ptm86 
1599.99266994 0 640.0 
0 1599.99266994 384.0 
0 0 1 
0.0
0.0
1 0 0 0.548453846154 
0 1 0 0 
0 0 1 0 

param_ptm87 
1599.99266994 0 640.0 
0 1599.99266994 384.0 
0 0 1 
0.0
0.0
1 0 0 0.561830769231 
0 1 0 0 
0 0 1 0 

param_ptm88 
1599.99266994 0 640.0 
0 1599.99266994 384.0 
0 0 1 
0.0
0.0
1 0 0 0.575207692308 
0 1 0 0 
0 0 1 0 

param_ptm89 
1599.99266994 0 640.0 
0 1599.99266994 384.0 
0 0 1 
0.0
0.0
1 0 0 0.588584615385 
0 1 0 0 
0 0 1 0 

param_ptm90 
1599.99266994 0 640.0 
0 1599.99266994 384.0 
0 0 1 
0.0
0.0
1 0 0 0.601961538462 
0 1 0 0 
0 0 1 0 
